{
  "nbformat": 4,
  "nbformat_minor": 0,
  "metadata": {
    "colab": {
      "provenance": []
    },
    "kernelspec": {
      "name": "python3",
      "display_name": "Python 3"
    },
    "language_info": {
      "name": "python"
    }
  },
  "cells": [
    {
      "cell_type": "markdown",
      "source": [],
      "metadata": {
        "id": "zlunzQgp8o6V"
      }
    },
    {
      "cell_type": "markdown",
      "source": [
        "#**Week 2 - Feature Selection**\n",
        "\n",
        "---\n",
        "\n"
      ],
      "metadata": {
        "id": "Z_mPLzIcFk96"
      }
    },
    {
      "cell_type": "code",
      "execution_count": 330,
      "metadata": {
        "id": "ayR8dDaRrnqP"
      },
      "outputs": [],
      "source": [
        "import pandas as pd\n",
        "import numpy as np\n",
        "from sklearn.preprocessing import LabelEncoder\n",
        "from sklearn.model_selection import train_test_split\n",
        "from sklearn.metrics import classification_report, accuracy_score\n"
      ]
    },
    {
      "cell_type": "code",
      "source": [
        "df = pd.read_csv('loan_approval_dataset.csv')\n",
        "df.head(5)"
      ],
      "metadata": {
        "colab": {
          "base_uri": "https://localhost:8080/",
          "height": 261
        },
        "id": "LrpJBQQdrx-J",
        "outputId": "2ad2b253-7b41-4fbd-f85e-1f619c9dbcb9"
      },
      "execution_count": 331,
      "outputs": [
        {
          "output_type": "execute_result",
          "data": {
            "text/plain": [
              "   loan_id   no_of_dependents      education  self_employed   income_annum  \\\n",
              "0        1                  2       Graduate             No        9600000   \n",
              "1        2                  0   Not Graduate            Yes        4100000   \n",
              "2        3                  3       Graduate             No        9100000   \n",
              "3        4                  3       Graduate             No        8200000   \n",
              "4        5                  5   Not Graduate            Yes        9800000   \n",
              "\n",
              "    loan_amount   loan_term   cibil_score   residential_assets_value  \\\n",
              "0      29900000          12           778                    2400000   \n",
              "1      12200000           8           417                    2700000   \n",
              "2      29700000          20           506                    7100000   \n",
              "3      30700000           8           467                   18200000   \n",
              "4      24200000          20           382                   12400000   \n",
              "\n",
              "    commercial_assets_value   luxury_assets_value   bank_asset_value  \\\n",
              "0                  17600000              22700000            8000000   \n",
              "1                   2200000               8800000            3300000   \n",
              "2                   4500000              33300000           12800000   \n",
              "3                   3300000              23300000            7900000   \n",
              "4                   8200000              29400000            5000000   \n",
              "\n",
              "   loan_status  \n",
              "0     Approved  \n",
              "1     Rejected  \n",
              "2     Rejected  \n",
              "3     Rejected  \n",
              "4     Rejected  "
            ],
            "text/html": [
              "\n",
              "  <div id=\"df-fe4abb30-5e0f-405c-97e1-e1034ce00795\" class=\"colab-df-container\">\n",
              "    <div>\n",
              "<style scoped>\n",
              "    .dataframe tbody tr th:only-of-type {\n",
              "        vertical-align: middle;\n",
              "    }\n",
              "\n",
              "    .dataframe tbody tr th {\n",
              "        vertical-align: top;\n",
              "    }\n",
              "\n",
              "    .dataframe thead th {\n",
              "        text-align: right;\n",
              "    }\n",
              "</style>\n",
              "<table border=\"1\" class=\"dataframe\">\n",
              "  <thead>\n",
              "    <tr style=\"text-align: right;\">\n",
              "      <th></th>\n",
              "      <th>loan_id</th>\n",
              "      <th>no_of_dependents</th>\n",
              "      <th>education</th>\n",
              "      <th>self_employed</th>\n",
              "      <th>income_annum</th>\n",
              "      <th>loan_amount</th>\n",
              "      <th>loan_term</th>\n",
              "      <th>cibil_score</th>\n",
              "      <th>residential_assets_value</th>\n",
              "      <th>commercial_assets_value</th>\n",
              "      <th>luxury_assets_value</th>\n",
              "      <th>bank_asset_value</th>\n",
              "      <th>loan_status</th>\n",
              "    </tr>\n",
              "  </thead>\n",
              "  <tbody>\n",
              "    <tr>\n",
              "      <th>0</th>\n",
              "      <td>1</td>\n",
              "      <td>2</td>\n",
              "      <td>Graduate</td>\n",
              "      <td>No</td>\n",
              "      <td>9600000</td>\n",
              "      <td>29900000</td>\n",
              "      <td>12</td>\n",
              "      <td>778</td>\n",
              "      <td>2400000</td>\n",
              "      <td>17600000</td>\n",
              "      <td>22700000</td>\n",
              "      <td>8000000</td>\n",
              "      <td>Approved</td>\n",
              "    </tr>\n",
              "    <tr>\n",
              "      <th>1</th>\n",
              "      <td>2</td>\n",
              "      <td>0</td>\n",
              "      <td>Not Graduate</td>\n",
              "      <td>Yes</td>\n",
              "      <td>4100000</td>\n",
              "      <td>12200000</td>\n",
              "      <td>8</td>\n",
              "      <td>417</td>\n",
              "      <td>2700000</td>\n",
              "      <td>2200000</td>\n",
              "      <td>8800000</td>\n",
              "      <td>3300000</td>\n",
              "      <td>Rejected</td>\n",
              "    </tr>\n",
              "    <tr>\n",
              "      <th>2</th>\n",
              "      <td>3</td>\n",
              "      <td>3</td>\n",
              "      <td>Graduate</td>\n",
              "      <td>No</td>\n",
              "      <td>9100000</td>\n",
              "      <td>29700000</td>\n",
              "      <td>20</td>\n",
              "      <td>506</td>\n",
              "      <td>7100000</td>\n",
              "      <td>4500000</td>\n",
              "      <td>33300000</td>\n",
              "      <td>12800000</td>\n",
              "      <td>Rejected</td>\n",
              "    </tr>\n",
              "    <tr>\n",
              "      <th>3</th>\n",
              "      <td>4</td>\n",
              "      <td>3</td>\n",
              "      <td>Graduate</td>\n",
              "      <td>No</td>\n",
              "      <td>8200000</td>\n",
              "      <td>30700000</td>\n",
              "      <td>8</td>\n",
              "      <td>467</td>\n",
              "      <td>18200000</td>\n",
              "      <td>3300000</td>\n",
              "      <td>23300000</td>\n",
              "      <td>7900000</td>\n",
              "      <td>Rejected</td>\n",
              "    </tr>\n",
              "    <tr>\n",
              "      <th>4</th>\n",
              "      <td>5</td>\n",
              "      <td>5</td>\n",
              "      <td>Not Graduate</td>\n",
              "      <td>Yes</td>\n",
              "      <td>9800000</td>\n",
              "      <td>24200000</td>\n",
              "      <td>20</td>\n",
              "      <td>382</td>\n",
              "      <td>12400000</td>\n",
              "      <td>8200000</td>\n",
              "      <td>29400000</td>\n",
              "      <td>5000000</td>\n",
              "      <td>Rejected</td>\n",
              "    </tr>\n",
              "  </tbody>\n",
              "</table>\n",
              "</div>\n",
              "    <div class=\"colab-df-buttons\">\n",
              "\n",
              "  <div class=\"colab-df-container\">\n",
              "    <button class=\"colab-df-convert\" onclick=\"convertToInteractive('df-fe4abb30-5e0f-405c-97e1-e1034ce00795')\"\n",
              "            title=\"Convert this dataframe to an interactive table.\"\n",
              "            style=\"display:none;\">\n",
              "\n",
              "  <svg xmlns=\"http://www.w3.org/2000/svg\" height=\"24px\" viewBox=\"0 -960 960 960\">\n",
              "    <path d=\"M120-120v-720h720v720H120Zm60-500h600v-160H180v160Zm220 220h160v-160H400v160Zm0 220h160v-160H400v160ZM180-400h160v-160H180v160Zm440 0h160v-160H620v160ZM180-180h160v-160H180v160Zm440 0h160v-160H620v160Z\"/>\n",
              "  </svg>\n",
              "    </button>\n",
              "\n",
              "  <style>\n",
              "    .colab-df-container {\n",
              "      display:flex;\n",
              "      gap: 12px;\n",
              "    }\n",
              "\n",
              "    .colab-df-convert {\n",
              "      background-color: #E8F0FE;\n",
              "      border: none;\n",
              "      border-radius: 50%;\n",
              "      cursor: pointer;\n",
              "      display: none;\n",
              "      fill: #1967D2;\n",
              "      height: 32px;\n",
              "      padding: 0 0 0 0;\n",
              "      width: 32px;\n",
              "    }\n",
              "\n",
              "    .colab-df-convert:hover {\n",
              "      background-color: #E2EBFA;\n",
              "      box-shadow: 0px 1px 2px rgba(60, 64, 67, 0.3), 0px 1px 3px 1px rgba(60, 64, 67, 0.15);\n",
              "      fill: #174EA6;\n",
              "    }\n",
              "\n",
              "    .colab-df-buttons div {\n",
              "      margin-bottom: 4px;\n",
              "    }\n",
              "\n",
              "    [theme=dark] .colab-df-convert {\n",
              "      background-color: #3B4455;\n",
              "      fill: #D2E3FC;\n",
              "    }\n",
              "\n",
              "    [theme=dark] .colab-df-convert:hover {\n",
              "      background-color: #434B5C;\n",
              "      box-shadow: 0px 1px 3px 1px rgba(0, 0, 0, 0.15);\n",
              "      filter: drop-shadow(0px 1px 2px rgba(0, 0, 0, 0.3));\n",
              "      fill: #FFFFFF;\n",
              "    }\n",
              "  </style>\n",
              "\n",
              "    <script>\n",
              "      const buttonEl =\n",
              "        document.querySelector('#df-fe4abb30-5e0f-405c-97e1-e1034ce00795 button.colab-df-convert');\n",
              "      buttonEl.style.display =\n",
              "        google.colab.kernel.accessAllowed ? 'block' : 'none';\n",
              "\n",
              "      async function convertToInteractive(key) {\n",
              "        const element = document.querySelector('#df-fe4abb30-5e0f-405c-97e1-e1034ce00795');\n",
              "        const dataTable =\n",
              "          await google.colab.kernel.invokeFunction('convertToInteractive',\n",
              "                                                    [key], {});\n",
              "        if (!dataTable) return;\n",
              "\n",
              "        const docLinkHtml = 'Like what you see? Visit the ' +\n",
              "          '<a target=\"_blank\" href=https://colab.research.google.com/notebooks/data_table.ipynb>data table notebook</a>'\n",
              "          + ' to learn more about interactive tables.';\n",
              "        element.innerHTML = '';\n",
              "        dataTable['output_type'] = 'display_data';\n",
              "        await google.colab.output.renderOutput(dataTable, element);\n",
              "        const docLink = document.createElement('div');\n",
              "        docLink.innerHTML = docLinkHtml;\n",
              "        element.appendChild(docLink);\n",
              "      }\n",
              "    </script>\n",
              "  </div>\n",
              "\n",
              "\n",
              "<div id=\"df-fddbc434-a667-40fa-b5f0-4395a54275b9\">\n",
              "  <button class=\"colab-df-quickchart\" onclick=\"quickchart('df-fddbc434-a667-40fa-b5f0-4395a54275b9')\"\n",
              "            title=\"Suggest charts\"\n",
              "            style=\"display:none;\">\n",
              "\n",
              "<svg xmlns=\"http://www.w3.org/2000/svg\" height=\"24px\"viewBox=\"0 0 24 24\"\n",
              "     width=\"24px\">\n",
              "    <g>\n",
              "        <path d=\"M19 3H5c-1.1 0-2 .9-2 2v14c0 1.1.9 2 2 2h14c1.1 0 2-.9 2-2V5c0-1.1-.9-2-2-2zM9 17H7v-7h2v7zm4 0h-2V7h2v10zm4 0h-2v-4h2v4z\"/>\n",
              "    </g>\n",
              "</svg>\n",
              "  </button>\n",
              "\n",
              "<style>\n",
              "  .colab-df-quickchart {\n",
              "      --bg-color: #E8F0FE;\n",
              "      --fill-color: #1967D2;\n",
              "      --hover-bg-color: #E2EBFA;\n",
              "      --hover-fill-color: #174EA6;\n",
              "      --disabled-fill-color: #AAA;\n",
              "      --disabled-bg-color: #DDD;\n",
              "  }\n",
              "\n",
              "  [theme=dark] .colab-df-quickchart {\n",
              "      --bg-color: #3B4455;\n",
              "      --fill-color: #D2E3FC;\n",
              "      --hover-bg-color: #434B5C;\n",
              "      --hover-fill-color: #FFFFFF;\n",
              "      --disabled-bg-color: #3B4455;\n",
              "      --disabled-fill-color: #666;\n",
              "  }\n",
              "\n",
              "  .colab-df-quickchart {\n",
              "    background-color: var(--bg-color);\n",
              "    border: none;\n",
              "    border-radius: 50%;\n",
              "    cursor: pointer;\n",
              "    display: none;\n",
              "    fill: var(--fill-color);\n",
              "    height: 32px;\n",
              "    padding: 0;\n",
              "    width: 32px;\n",
              "  }\n",
              "\n",
              "  .colab-df-quickchart:hover {\n",
              "    background-color: var(--hover-bg-color);\n",
              "    box-shadow: 0 1px 2px rgba(60, 64, 67, 0.3), 0 1px 3px 1px rgba(60, 64, 67, 0.15);\n",
              "    fill: var(--button-hover-fill-color);\n",
              "  }\n",
              "\n",
              "  .colab-df-quickchart-complete:disabled,\n",
              "  .colab-df-quickchart-complete:disabled:hover {\n",
              "    background-color: var(--disabled-bg-color);\n",
              "    fill: var(--disabled-fill-color);\n",
              "    box-shadow: none;\n",
              "  }\n",
              "\n",
              "  .colab-df-spinner {\n",
              "    border: 2px solid var(--fill-color);\n",
              "    border-color: transparent;\n",
              "    border-bottom-color: var(--fill-color);\n",
              "    animation:\n",
              "      spin 1s steps(1) infinite;\n",
              "  }\n",
              "\n",
              "  @keyframes spin {\n",
              "    0% {\n",
              "      border-color: transparent;\n",
              "      border-bottom-color: var(--fill-color);\n",
              "      border-left-color: var(--fill-color);\n",
              "    }\n",
              "    20% {\n",
              "      border-color: transparent;\n",
              "      border-left-color: var(--fill-color);\n",
              "      border-top-color: var(--fill-color);\n",
              "    }\n",
              "    30% {\n",
              "      border-color: transparent;\n",
              "      border-left-color: var(--fill-color);\n",
              "      border-top-color: var(--fill-color);\n",
              "      border-right-color: var(--fill-color);\n",
              "    }\n",
              "    40% {\n",
              "      border-color: transparent;\n",
              "      border-right-color: var(--fill-color);\n",
              "      border-top-color: var(--fill-color);\n",
              "    }\n",
              "    60% {\n",
              "      border-color: transparent;\n",
              "      border-right-color: var(--fill-color);\n",
              "    }\n",
              "    80% {\n",
              "      border-color: transparent;\n",
              "      border-right-color: var(--fill-color);\n",
              "      border-bottom-color: var(--fill-color);\n",
              "    }\n",
              "    90% {\n",
              "      border-color: transparent;\n",
              "      border-bottom-color: var(--fill-color);\n",
              "    }\n",
              "  }\n",
              "</style>\n",
              "\n",
              "  <script>\n",
              "    async function quickchart(key) {\n",
              "      const quickchartButtonEl =\n",
              "        document.querySelector('#' + key + ' button');\n",
              "      quickchartButtonEl.disabled = true;  // To prevent multiple clicks.\n",
              "      quickchartButtonEl.classList.add('colab-df-spinner');\n",
              "      try {\n",
              "        const charts = await google.colab.kernel.invokeFunction(\n",
              "            'suggestCharts', [key], {});\n",
              "      } catch (error) {\n",
              "        console.error('Error during call to suggestCharts:', error);\n",
              "      }\n",
              "      quickchartButtonEl.classList.remove('colab-df-spinner');\n",
              "      quickchartButtonEl.classList.add('colab-df-quickchart-complete');\n",
              "    }\n",
              "    (() => {\n",
              "      let quickchartButtonEl =\n",
              "        document.querySelector('#df-fddbc434-a667-40fa-b5f0-4395a54275b9 button');\n",
              "      quickchartButtonEl.style.display =\n",
              "        google.colab.kernel.accessAllowed ? 'block' : 'none';\n",
              "    })();\n",
              "  </script>\n",
              "</div>\n",
              "\n",
              "    </div>\n",
              "  </div>\n"
            ],
            "application/vnd.google.colaboratory.intrinsic+json": {
              "type": "dataframe",
              "variable_name": "df",
              "summary": "{\n  \"name\": \"df\",\n  \"rows\": 4269,\n  \"fields\": [\n    {\n      \"column\": \"loan_id\",\n      \"properties\": {\n        \"dtype\": \"number\",\n        \"std\": 1232,\n        \"min\": 1,\n        \"max\": 4269,\n        \"num_unique_values\": 4269,\n        \"samples\": [\n          1704,\n          1174,\n          309\n        ],\n        \"semantic_type\": \"\",\n        \"description\": \"\"\n      }\n    },\n    {\n      \"column\": \" no_of_dependents\",\n      \"properties\": {\n        \"dtype\": \"number\",\n        \"std\": 1,\n        \"min\": 0,\n        \"max\": 5,\n        \"num_unique_values\": 6,\n        \"samples\": [\n          2,\n          0,\n          1\n        ],\n        \"semantic_type\": \"\",\n        \"description\": \"\"\n      }\n    },\n    {\n      \"column\": \" education\",\n      \"properties\": {\n        \"dtype\": \"category\",\n        \"num_unique_values\": 2,\n        \"samples\": [\n          \" Not Graduate\",\n          \" Graduate\"\n        ],\n        \"semantic_type\": \"\",\n        \"description\": \"\"\n      }\n    },\n    {\n      \"column\": \" self_employed\",\n      \"properties\": {\n        \"dtype\": \"category\",\n        \"num_unique_values\": 2,\n        \"samples\": [\n          \" Yes\",\n          \" No\"\n        ],\n        \"semantic_type\": \"\",\n        \"description\": \"\"\n      }\n    },\n    {\n      \"column\": \" income_annum\",\n      \"properties\": {\n        \"dtype\": \"number\",\n        \"std\": 2806839,\n        \"min\": 200000,\n        \"max\": 9900000,\n        \"num_unique_values\": 98,\n        \"samples\": [\n          6200000,\n          9300000\n        ],\n        \"semantic_type\": \"\",\n        \"description\": \"\"\n      }\n    },\n    {\n      \"column\": \" loan_amount\",\n      \"properties\": {\n        \"dtype\": \"number\",\n        \"std\": 9043362,\n        \"min\": 300000,\n        \"max\": 39500000,\n        \"num_unique_values\": 378,\n        \"samples\": [\n          25800000,\n          26100000\n        ],\n        \"semantic_type\": \"\",\n        \"description\": \"\"\n      }\n    },\n    {\n      \"column\": \" loan_term\",\n      \"properties\": {\n        \"dtype\": \"number\",\n        \"std\": 5,\n        \"min\": 2,\n        \"max\": 20,\n        \"num_unique_values\": 10,\n        \"samples\": [\n          14,\n          8\n        ],\n        \"semantic_type\": \"\",\n        \"description\": \"\"\n      }\n    },\n    {\n      \"column\": \" cibil_score\",\n      \"properties\": {\n        \"dtype\": \"number\",\n        \"std\": 172,\n        \"min\": 300,\n        \"max\": 900,\n        \"num_unique_values\": 601,\n        \"samples\": [\n          859,\n          414\n        ],\n        \"semantic_type\": \"\",\n        \"description\": \"\"\n      }\n    },\n    {\n      \"column\": \" residential_assets_value\",\n      \"properties\": {\n        \"dtype\": \"number\",\n        \"std\": 6503636,\n        \"min\": -100000,\n        \"max\": 29100000,\n        \"num_unique_values\": 278,\n        \"samples\": [\n          700000,\n          3500000\n        ],\n        \"semantic_type\": \"\",\n        \"description\": \"\"\n      }\n    },\n    {\n      \"column\": \" commercial_assets_value\",\n      \"properties\": {\n        \"dtype\": \"number\",\n        \"std\": 4388966,\n        \"min\": 0,\n        \"max\": 19400000,\n        \"num_unique_values\": 188,\n        \"samples\": [\n          13500000,\n          14600000\n        ],\n        \"semantic_type\": \"\",\n        \"description\": \"\"\n      }\n    },\n    {\n      \"column\": \" luxury_assets_value\",\n      \"properties\": {\n        \"dtype\": \"number\",\n        \"std\": 9103753,\n        \"min\": 300000,\n        \"max\": 39200000,\n        \"num_unique_values\": 379,\n        \"samples\": [\n          15300000,\n          12100000\n        ],\n        \"semantic_type\": \"\",\n        \"description\": \"\"\n      }\n    },\n    {\n      \"column\": \" bank_asset_value\",\n      \"properties\": {\n        \"dtype\": \"number\",\n        \"std\": 3250185,\n        \"min\": 0,\n        \"max\": 14700000,\n        \"num_unique_values\": 146,\n        \"samples\": [\n          4800000,\n          14400000\n        ],\n        \"semantic_type\": \"\",\n        \"description\": \"\"\n      }\n    },\n    {\n      \"column\": \" loan_status\",\n      \"properties\": {\n        \"dtype\": \"category\",\n        \"num_unique_values\": 2,\n        \"samples\": [\n          \" Rejected\",\n          \" Approved\"\n        ],\n        \"semantic_type\": \"\",\n        \"description\": \"\"\n      }\n    }\n  ]\n}"
            }
          },
          "metadata": {},
          "execution_count": 331
        }
      ]
    },
    {
      "cell_type": "code",
      "source": [
        "import plotly.express as px\n",
        "import plotly.graph_objs as go\n",
        "correlation_matrix = df.corr()\n",
        "\n",
        "# Plotting the heatmap using Plotly\n",
        "fig = go.Figure(data=go.Heatmap(\n",
        "                   z=correlation_matrix.values,\n",
        "                   x=correlation_matrix.columns,\n",
        "                   y=correlation_matrix.columns,\n",
        "                   colorscale='Viridis'))\n",
        "\n",
        "fig.update_layout(title='Heatmap of Feature Correlations',\n",
        "                  xaxis_nticks=36)\n",
        "\n",
        "fig.show()"
      ],
      "metadata": {
        "colab": {
          "base_uri": "https://localhost:8080/",
          "height": 542
        },
        "id": "1EGPZSZ7wFWY",
        "outputId": "c7d70261-48cb-4e40-bc50-c057d6016fec"
      },
      "execution_count": 459,
      "outputs": [
        {
          "output_type": "display_data",
          "data": {
            "text/html": [
              "<html>\n",
              "<head><meta charset=\"utf-8\" /></head>\n",
              "<body>\n",
              "    <div>            <script src=\"https://cdnjs.cloudflare.com/ajax/libs/mathjax/2.7.5/MathJax.js?config=TeX-AMS-MML_SVG\"></script><script type=\"text/javascript\">if (window.MathJax && window.MathJax.Hub && window.MathJax.Hub.Config) {window.MathJax.Hub.Config({SVG: {font: \"STIX-Web\"}});}</script>                <script type=\"text/javascript\">window.PlotlyConfig = {MathJaxConfig: 'local'};</script>\n",
              "        <script charset=\"utf-8\" src=\"https://cdn.plot.ly/plotly-2.24.1.min.js\"></script>                <div id=\"f75d1874-4cb0-42f2-8097-689e882fad6c\" class=\"plotly-graph-div\" style=\"height:525px; width:100%;\"></div>            <script type=\"text/javascript\">                                    window.PLOTLYENV=window.PLOTLYENV || {};                                    if (document.getElementById(\"f75d1874-4cb0-42f2-8097-689e882fad6c\")) {                    Plotly.newPlot(                        \"f75d1874-4cb0-42f2-8097-689e882fad6c\",                        [{\"colorscale\":[[0.0,\"#440154\"],[0.1111111111111111,\"#482878\"],[0.2222222222222222,\"#3e4989\"],[0.3333333333333333,\"#31688e\"],[0.4444444444444444,\"#26828e\"],[0.5555555555555556,\"#1f9e89\"],[0.6666666666666666,\"#35b779\"],[0.7777777777777778,\"#6ece58\"],[0.8888888888888888,\"#b5de2b\"],[1.0,\"#fde725\"]],\"x\":[\" no_of_dependents\",\" education\",\" self_employed\",\" income_annum\",\" loan_amount\",\" loan_term\",\" cibil_score\",\" residential_assets_value\",\" commercial_assets_value\",\" luxury_assets_value\",\" bank_asset_value\",\" loan_status\"],\"y\":[\" no_of_dependents\",\" education\",\" self_employed\",\" income_annum\",\" loan_amount\",\" loan_term\",\" cibil_score\",\" residential_assets_value\",\" commercial_assets_value\",\" luxury_assets_value\",\" bank_asset_value\",\" loan_status\"],\"z\":[[1.0,-0.002697153265131992,0.000765311635354504,0.007266337418034065,-0.0033658043426543,-0.02011056778205394,-0.009998469677432321,0.007375567401220776,-0.0015313425506312379,0.002816552031074442,0.011163372385311697,0.018114422862177584],[-0.002697153265131992,1.0,0.02322360443034883,-0.011624912325281156,-0.010630869259013229,0.008416631152867329,0.004649089366153288,-0.010929929636542945,0.006762526201434758,-0.012470736375893333,-0.00942407694013752,0.0049178659606940785],[0.000765311635354504,0.02322360443034883,1.0,0.002367741976842448,0.0014497979147376013,0.004107107701318388,-0.004865514623672493,0.006143682912579998,-0.01799782619482416,0.004413067629292773,-0.00021462226608472482,-0.00034450753494384007],[0.007266337418034065,-0.011624912325281156,0.002367741976842448,1.0,0.9274699109871475,0.011488298551247824,-0.023034421699860187,0.636841465638472,0.6403276980353092,0.9291454207522616,0.851093127940453,0.015189156991943596],[-0.0033658043426543,-0.010630869259013229,0.0014497979147376013,0.9274699109871475,1.0,0.008437257207995331,-0.017034787023534396,0.5945957096943747,0.6031880881949118,0.860914032893505,0.788121706768322,-0.016149683925315912],[-0.02011056778205394,0.008416631152867329,0.004107107701318388,0.011488298551247824,0.008437257207995331,1.0,0.007809878429871024,0.008015642702533531,-0.005477660484558487,0.01249013621406212,0.01717742163338611,0.11303578494915462],[-0.009998469677432321,0.004649089366153288,-0.004865514623672493,-0.023034421699860187,-0.017034787023534396,0.007809878429871024,1.0,-0.019946757051831965,-0.0037693455213522018,-0.02861762794612002,-0.015478271340156316,-0.770518364980702],[0.007375567401220776,-0.010929929636542945,0.006143682912579998,0.636841465638472,0.5945957096943747,0.008015642702533531,-0.019946757051831965,1.0,0.4147860265754977,0.5909324250706588,0.5274175554536689,0.014366514535999292],[-0.0015313425506312379,0.006762526201434758,-0.01799782619482416,0.6403276980353092,0.6031880881949118,-0.005477660484558487,-0.0037693455213522018,0.4147860265754977,1.0,0.5911275002649014,0.548575592672538,-0.008245868278426235],[0.002816552031074442,-0.012470736375893333,0.004413067629292773,0.9291454207522616,0.860914032893505,0.01249013621406212,-0.02861762794612002,0.5909324250706588,0.5911275002649014,1.0,0.7885169099019488,0.015464711194809537],[0.011163372385311697,-0.00942407694013752,-0.00021462226608472482,0.851093127940453,0.788121706768322,0.01717742163338611,-0.015478271340156316,0.5274175554536689,0.548575592672538,0.7885169099019488,1.0,0.0067784398003720905],[0.018114422862177584,0.0049178659606940785,-0.00034450753494384007,0.015189156991943596,-0.016149683925315912,0.11303578494915462,-0.770518364980702,0.014366514535999292,-0.008245868278426235,0.015464711194809537,0.0067784398003720905,1.0]],\"type\":\"heatmap\"}],                        {\"template\":{\"data\":{\"histogram2dcontour\":[{\"type\":\"histogram2dcontour\",\"colorbar\":{\"outlinewidth\":0,\"ticks\":\"\"},\"colorscale\":[[0.0,\"#0d0887\"],[0.1111111111111111,\"#46039f\"],[0.2222222222222222,\"#7201a8\"],[0.3333333333333333,\"#9c179e\"],[0.4444444444444444,\"#bd3786\"],[0.5555555555555556,\"#d8576b\"],[0.6666666666666666,\"#ed7953\"],[0.7777777777777778,\"#fb9f3a\"],[0.8888888888888888,\"#fdca26\"],[1.0,\"#f0f921\"]]}],\"choropleth\":[{\"type\":\"choropleth\",\"colorbar\":{\"outlinewidth\":0,\"ticks\":\"\"}}],\"histogram2d\":[{\"type\":\"histogram2d\",\"colorbar\":{\"outlinewidth\":0,\"ticks\":\"\"},\"colorscale\":[[0.0,\"#0d0887\"],[0.1111111111111111,\"#46039f\"],[0.2222222222222222,\"#7201a8\"],[0.3333333333333333,\"#9c179e\"],[0.4444444444444444,\"#bd3786\"],[0.5555555555555556,\"#d8576b\"],[0.6666666666666666,\"#ed7953\"],[0.7777777777777778,\"#fb9f3a\"],[0.8888888888888888,\"#fdca26\"],[1.0,\"#f0f921\"]]}],\"heatmap\":[{\"type\":\"heatmap\",\"colorbar\":{\"outlinewidth\":0,\"ticks\":\"\"},\"colorscale\":[[0.0,\"#0d0887\"],[0.1111111111111111,\"#46039f\"],[0.2222222222222222,\"#7201a8\"],[0.3333333333333333,\"#9c179e\"],[0.4444444444444444,\"#bd3786\"],[0.5555555555555556,\"#d8576b\"],[0.6666666666666666,\"#ed7953\"],[0.7777777777777778,\"#fb9f3a\"],[0.8888888888888888,\"#fdca26\"],[1.0,\"#f0f921\"]]}],\"heatmapgl\":[{\"type\":\"heatmapgl\",\"colorbar\":{\"outlinewidth\":0,\"ticks\":\"\"},\"colorscale\":[[0.0,\"#0d0887\"],[0.1111111111111111,\"#46039f\"],[0.2222222222222222,\"#7201a8\"],[0.3333333333333333,\"#9c179e\"],[0.4444444444444444,\"#bd3786\"],[0.5555555555555556,\"#d8576b\"],[0.6666666666666666,\"#ed7953\"],[0.7777777777777778,\"#fb9f3a\"],[0.8888888888888888,\"#fdca26\"],[1.0,\"#f0f921\"]]}],\"contourcarpet\":[{\"type\":\"contourcarpet\",\"colorbar\":{\"outlinewidth\":0,\"ticks\":\"\"}}],\"contour\":[{\"type\":\"contour\",\"colorbar\":{\"outlinewidth\":0,\"ticks\":\"\"},\"colorscale\":[[0.0,\"#0d0887\"],[0.1111111111111111,\"#46039f\"],[0.2222222222222222,\"#7201a8\"],[0.3333333333333333,\"#9c179e\"],[0.4444444444444444,\"#bd3786\"],[0.5555555555555556,\"#d8576b\"],[0.6666666666666666,\"#ed7953\"],[0.7777777777777778,\"#fb9f3a\"],[0.8888888888888888,\"#fdca26\"],[1.0,\"#f0f921\"]]}],\"surface\":[{\"type\":\"surface\",\"colorbar\":{\"outlinewidth\":0,\"ticks\":\"\"},\"colorscale\":[[0.0,\"#0d0887\"],[0.1111111111111111,\"#46039f\"],[0.2222222222222222,\"#7201a8\"],[0.3333333333333333,\"#9c179e\"],[0.4444444444444444,\"#bd3786\"],[0.5555555555555556,\"#d8576b\"],[0.6666666666666666,\"#ed7953\"],[0.7777777777777778,\"#fb9f3a\"],[0.8888888888888888,\"#fdca26\"],[1.0,\"#f0f921\"]]}],\"mesh3d\":[{\"type\":\"mesh3d\",\"colorbar\":{\"outlinewidth\":0,\"ticks\":\"\"}}],\"scatter\":[{\"fillpattern\":{\"fillmode\":\"overlay\",\"size\":10,\"solidity\":0.2},\"type\":\"scatter\"}],\"parcoords\":[{\"type\":\"parcoords\",\"line\":{\"colorbar\":{\"outlinewidth\":0,\"ticks\":\"\"}}}],\"scatterpolargl\":[{\"type\":\"scatterpolargl\",\"marker\":{\"colorbar\":{\"outlinewidth\":0,\"ticks\":\"\"}}}],\"bar\":[{\"error_x\":{\"color\":\"#2a3f5f\"},\"error_y\":{\"color\":\"#2a3f5f\"},\"marker\":{\"line\":{\"color\":\"#E5ECF6\",\"width\":0.5},\"pattern\":{\"fillmode\":\"overlay\",\"size\":10,\"solidity\":0.2}},\"type\":\"bar\"}],\"scattergeo\":[{\"type\":\"scattergeo\",\"marker\":{\"colorbar\":{\"outlinewidth\":0,\"ticks\":\"\"}}}],\"scatterpolar\":[{\"type\":\"scatterpolar\",\"marker\":{\"colorbar\":{\"outlinewidth\":0,\"ticks\":\"\"}}}],\"histogram\":[{\"marker\":{\"pattern\":{\"fillmode\":\"overlay\",\"size\":10,\"solidity\":0.2}},\"type\":\"histogram\"}],\"scattergl\":[{\"type\":\"scattergl\",\"marker\":{\"colorbar\":{\"outlinewidth\":0,\"ticks\":\"\"}}}],\"scatter3d\":[{\"type\":\"scatter3d\",\"line\":{\"colorbar\":{\"outlinewidth\":0,\"ticks\":\"\"}},\"marker\":{\"colorbar\":{\"outlinewidth\":0,\"ticks\":\"\"}}}],\"scattermapbox\":[{\"type\":\"scattermapbox\",\"marker\":{\"colorbar\":{\"outlinewidth\":0,\"ticks\":\"\"}}}],\"scatterternary\":[{\"type\":\"scatterternary\",\"marker\":{\"colorbar\":{\"outlinewidth\":0,\"ticks\":\"\"}}}],\"scattercarpet\":[{\"type\":\"scattercarpet\",\"marker\":{\"colorbar\":{\"outlinewidth\":0,\"ticks\":\"\"}}}],\"carpet\":[{\"aaxis\":{\"endlinecolor\":\"#2a3f5f\",\"gridcolor\":\"white\",\"linecolor\":\"white\",\"minorgridcolor\":\"white\",\"startlinecolor\":\"#2a3f5f\"},\"baxis\":{\"endlinecolor\":\"#2a3f5f\",\"gridcolor\":\"white\",\"linecolor\":\"white\",\"minorgridcolor\":\"white\",\"startlinecolor\":\"#2a3f5f\"},\"type\":\"carpet\"}],\"table\":[{\"cells\":{\"fill\":{\"color\":\"#EBF0F8\"},\"line\":{\"color\":\"white\"}},\"header\":{\"fill\":{\"color\":\"#C8D4E3\"},\"line\":{\"color\":\"white\"}},\"type\":\"table\"}],\"barpolar\":[{\"marker\":{\"line\":{\"color\":\"#E5ECF6\",\"width\":0.5},\"pattern\":{\"fillmode\":\"overlay\",\"size\":10,\"solidity\":0.2}},\"type\":\"barpolar\"}],\"pie\":[{\"automargin\":true,\"type\":\"pie\"}]},\"layout\":{\"autotypenumbers\":\"strict\",\"colorway\":[\"#636efa\",\"#EF553B\",\"#00cc96\",\"#ab63fa\",\"#FFA15A\",\"#19d3f3\",\"#FF6692\",\"#B6E880\",\"#FF97FF\",\"#FECB52\"],\"font\":{\"color\":\"#2a3f5f\"},\"hovermode\":\"closest\",\"hoverlabel\":{\"align\":\"left\"},\"paper_bgcolor\":\"white\",\"plot_bgcolor\":\"#E5ECF6\",\"polar\":{\"bgcolor\":\"#E5ECF6\",\"angularaxis\":{\"gridcolor\":\"white\",\"linecolor\":\"white\",\"ticks\":\"\"},\"radialaxis\":{\"gridcolor\":\"white\",\"linecolor\":\"white\",\"ticks\":\"\"}},\"ternary\":{\"bgcolor\":\"#E5ECF6\",\"aaxis\":{\"gridcolor\":\"white\",\"linecolor\":\"white\",\"ticks\":\"\"},\"baxis\":{\"gridcolor\":\"white\",\"linecolor\":\"white\",\"ticks\":\"\"},\"caxis\":{\"gridcolor\":\"white\",\"linecolor\":\"white\",\"ticks\":\"\"}},\"coloraxis\":{\"colorbar\":{\"outlinewidth\":0,\"ticks\":\"\"}},\"colorscale\":{\"sequential\":[[0.0,\"#0d0887\"],[0.1111111111111111,\"#46039f\"],[0.2222222222222222,\"#7201a8\"],[0.3333333333333333,\"#9c179e\"],[0.4444444444444444,\"#bd3786\"],[0.5555555555555556,\"#d8576b\"],[0.6666666666666666,\"#ed7953\"],[0.7777777777777778,\"#fb9f3a\"],[0.8888888888888888,\"#fdca26\"],[1.0,\"#f0f921\"]],\"sequentialminus\":[[0.0,\"#0d0887\"],[0.1111111111111111,\"#46039f\"],[0.2222222222222222,\"#7201a8\"],[0.3333333333333333,\"#9c179e\"],[0.4444444444444444,\"#bd3786\"],[0.5555555555555556,\"#d8576b\"],[0.6666666666666666,\"#ed7953\"],[0.7777777777777778,\"#fb9f3a\"],[0.8888888888888888,\"#fdca26\"],[1.0,\"#f0f921\"]],\"diverging\":[[0,\"#8e0152\"],[0.1,\"#c51b7d\"],[0.2,\"#de77ae\"],[0.3,\"#f1b6da\"],[0.4,\"#fde0ef\"],[0.5,\"#f7f7f7\"],[0.6,\"#e6f5d0\"],[0.7,\"#b8e186\"],[0.8,\"#7fbc41\"],[0.9,\"#4d9221\"],[1,\"#276419\"]]},\"xaxis\":{\"gridcolor\":\"white\",\"linecolor\":\"white\",\"ticks\":\"\",\"title\":{\"standoff\":15},\"zerolinecolor\":\"white\",\"automargin\":true,\"zerolinewidth\":2},\"yaxis\":{\"gridcolor\":\"white\",\"linecolor\":\"white\",\"ticks\":\"\",\"title\":{\"standoff\":15},\"zerolinecolor\":\"white\",\"automargin\":true,\"zerolinewidth\":2},\"scene\":{\"xaxis\":{\"backgroundcolor\":\"#E5ECF6\",\"gridcolor\":\"white\",\"linecolor\":\"white\",\"showbackground\":true,\"ticks\":\"\",\"zerolinecolor\":\"white\",\"gridwidth\":2},\"yaxis\":{\"backgroundcolor\":\"#E5ECF6\",\"gridcolor\":\"white\",\"linecolor\":\"white\",\"showbackground\":true,\"ticks\":\"\",\"zerolinecolor\":\"white\",\"gridwidth\":2},\"zaxis\":{\"backgroundcolor\":\"#E5ECF6\",\"gridcolor\":\"white\",\"linecolor\":\"white\",\"showbackground\":true,\"ticks\":\"\",\"zerolinecolor\":\"white\",\"gridwidth\":2}},\"shapedefaults\":{\"line\":{\"color\":\"#2a3f5f\"}},\"annotationdefaults\":{\"arrowcolor\":\"#2a3f5f\",\"arrowhead\":0,\"arrowwidth\":1},\"geo\":{\"bgcolor\":\"white\",\"landcolor\":\"#E5ECF6\",\"subunitcolor\":\"white\",\"showland\":true,\"showlakes\":true,\"lakecolor\":\"white\"},\"title\":{\"x\":0.05},\"mapbox\":{\"style\":\"light\"}}},\"xaxis\":{\"nticks\":36},\"title\":{\"text\":\"Heatmap of Feature Correlations\"}},                        {\"responsive\": true}                    ).then(function(){\n",
              "                            \n",
              "var gd = document.getElementById('f75d1874-4cb0-42f2-8097-689e882fad6c');\n",
              "var x = new MutationObserver(function (mutations, observer) {{\n",
              "        var display = window.getComputedStyle(gd).display;\n",
              "        if (!display || display === 'none') {{\n",
              "            console.log([gd, 'removed!']);\n",
              "            Plotly.purge(gd);\n",
              "            observer.disconnect();\n",
              "        }}\n",
              "}});\n",
              "\n",
              "// Listen for the removal of the full notebook cells\n",
              "var notebookContainer = gd.closest('#notebook-container');\n",
              "if (notebookContainer) {{\n",
              "    x.observe(notebookContainer, {childList: true});\n",
              "}}\n",
              "\n",
              "// Listen for the clearing of the current output cell\n",
              "var outputEl = gd.closest('.output');\n",
              "if (outputEl) {{\n",
              "    x.observe(outputEl, {childList: true});\n",
              "}}\n",
              "\n",
              "                        })                };                            </script>        </div>\n",
              "</body>\n",
              "</html>"
            ]
          },
          "metadata": {}
        }
      ]
    },
    {
      "cell_type": "code",
      "source": [
        "df.info()"
      ],
      "metadata": {
        "colab": {
          "base_uri": "https://localhost:8080/"
        },
        "id": "1ytNgFAzr6cy",
        "outputId": "78a55a67-3386-4785-ade2-bfe32c686ed2"
      },
      "execution_count": 332,
      "outputs": [
        {
          "output_type": "stream",
          "name": "stdout",
          "text": [
            "<class 'pandas.core.frame.DataFrame'>\n",
            "RangeIndex: 4269 entries, 0 to 4268\n",
            "Data columns (total 13 columns):\n",
            " #   Column                     Non-Null Count  Dtype \n",
            "---  ------                     --------------  ----- \n",
            " 0   loan_id                    4269 non-null   int64 \n",
            " 1    no_of_dependents          4269 non-null   int64 \n",
            " 2    education                 4269 non-null   object\n",
            " 3    self_employed             4269 non-null   object\n",
